1105415995.000000 0 0 8 1 2
1105416052.000000 0 5991312 16 1 2
1105416065.000000 0 5991320 16 1 2
1105416081.000000 0 5991336 16 1 2
1105416094.000000 0 5991344 32 1 2
1105416131.000000 0 5991376 16 1 2
1105416152.000000 0 5991384 16 1 2
1105416160.000000 0 5991392 16 1 2
1105416247.000000 0 5991408 16 1 2
1105416253.000000 0 5991416 8 1 2
1105416639.000000 0 5991424 16 1 2
1105416656.000000 0 5991432 56 1 2
1105418878.000000 0 5991488 16 1 2
1105418886.000000 0 5991496 8 1 2
1105422136.000000 0 5991504 16 1 2
1105423794.000000 0 5991512 16 1 2
1105425994.000000 0 5991520 16 1 2
